qerror: tensor([0.06, 0.06, 0.06, 0.05, 0.05, 0.06, 0.05, 0.06, 0.05, 0.06, 0.06, 0.05,
        0.06, 0.06, 0.05, 0.06, 0.06, 0.03, 0.04, 0.05, 0.01, 0.03, 0.02, 0.04,
        0.02, 0.02, 0.04, 0.04, 0.03, 0.02, 0.03, 0.03, 0.02, 0.03, 0.03, 0.04,
        0.03, 0.03, 0.02, 0.03, 0.03, 0.03, 0.02, 0.03, 0.03, 0.04, 0.03, 0.01,
        0.03, 0.03, 0.02, 0.02, 0.02, 0.03, 0.04, 0.03, 0.02, 0.03, 0.03, 0.02,
        0.03, 0.03, 0.03, 0.03, 0.03, 0.02, 0.03, 0.03, 0.02, 0.02, 0.02, 0.04,
        0.03, 0.05, 0.02, 0.01, 0.02, 0.02, 0.02, 0.03, 0.02, 0.03, 0.03, 0.02,
        0.02, 0.02, 0.02, 0.02, 0.02, 0.03, 0.03, 0.04, 0.02, 0.02, 0.03, 0.03,
        0.03, 0.04], grad_fn=<SqrtBackward>)
qtrue: tensor([3.98, 3.09, 2.66, 3.54, 3.09, 2.66, 2.25, 3.10, 2.66, 3.54, 3.09, 3.99,
        3.54, 3.10, 2.66, 3.54, 3.10, 1.24, 1.76, 1.76, 1.24, 1.76, 1.75, 0.72,
        1.24, 1.23, 1.76, 2.27, 2.25, 1.75, 2.26, 2.26, 1.23, 1.75, 1.75, 1.75,
        2.25, 2.25, 1.74, 2.26, 2.25, 1.24, 1.75, 1.73, 1.24, 1.76, 1.76, 1.23,
        1.75, 1.75, 0.72, 1.23, 1.24, 1.75, 2.26, 2.26, 1.75, 2.25, 2.25, 1.23,
        1.75, 1.75, 1.75, 2.25, 2.24, 1.74, 2.26, 2.25, 1.24, 1.74, 1.74, 0.71,
        1.25, 1.26, 0.70, 1.23, 1.23, 0.02, 0.71, 0.71, 1.24, 1.75, 1.75, 1.24,
        1.75, 1.75, 0.72, 1.24, 1.24, 1.24, 1.75, 1.75, 1.23, 1.74, 1.75, 0.70,
        1.24, 1.24], grad_fn=<SqrtBackward>)
