qerror: tensor([0.64, 0.57, 0.56, 0.58, 0.59, 0.57, 0.59, 0.60, 0.56, 0.60, 0.62, 0.65,
        0.61, 0.63, 0.62, 0.61, 0.59, 0.43, 0.42, 0.33, 0.42, 0.49, 0.35, 0.26,
        0.31, 0.26, 0.44, 0.48, 0.35, 0.49, 0.55, 0.42, 0.37, 0.42, 0.40, 0.31,
        0.39, 0.33, 0.32, 0.41, 0.34, 0.31, 0.40, 0.30, 0.46, 0.50, 0.34, 0.49,
        0.56, 0.41, 0.34, 0.37, 0.32, 0.49, 0.55, 0.41, 0.56, 0.65, 0.56, 0.41,
        0.56, 0.50, 0.34, 0.41, 0.31, 0.41, 0.56, 0.48, 0.32, 0.50, 0.47, 0.40,
        0.31, 0.37, 0.34, 0.40, 0.35, 0.32, 0.26, 0.28, 0.29, 0.40, 0.32, 0.41,
        0.57, 0.51, 0.31, 0.50, 0.46, 0.31, 0.32, 0.37, 0.32, 0.50, 0.47, 0.36,
        0.47, 0.51], grad_fn=<SqrtBackward>)
qtrue: tensor([4.00, 3.69, 3.82, 3.90, 3.91, 3.86, 3.92, 3.97, 3.86, 3.85, 3.89, 3.97,
        3.87, 3.92, 3.87, 3.87, 3.68, 1.79, 2.26, 2.12, 2.26, 2.73, 2.54, 2.13,
        2.54, 2.16, 2.27, 2.74, 2.56, 2.74, 3.10, 2.86, 2.57, 2.87, 2.58, 2.14,
        2.58, 2.28, 2.53, 2.88, 2.55, 2.20, 2.53, 2.06, 2.19, 2.74, 2.57, 2.72,
        3.10, 2.87, 2.54, 2.90, 2.52, 2.73, 3.10, 2.87, 3.10, 3.34, 3.09, 2.89,
        3.10, 2.74, 2.56, 2.87, 2.52, 2.87, 3.10, 2.75, 2.49, 2.74, 2.26, 2.10,
        2.54, 2.35, 2.57, 2.87, 2.58, 2.30, 2.54, 2.14, 2.53, 2.87, 2.50, 2.86,
        3.10, 2.74, 2.49, 2.74, 2.24, 2.21, 2.54, 2.28, 2.50, 2.74, 2.26, 2.15,
        2.25, 1.72], grad_fn=<SqrtBackward>)
