qerror: tensor([0.09, 0.26, 0.15, 0.11, 0.16, 0.15, 0.20, 0.12, 0.20, 0.19, 0.18, 0.16,
        0.20, 0.14, 0.18, 0.14, 0.18, 0.48, 0.47, 0.46, 0.49, 0.49, 0.31, 0.39,
        0.34, 0.30, 0.49, 0.50, 0.32, 0.51, 0.56, 0.39, 0.31, 0.39, 0.33, 0.35,
        0.31, 0.33, 0.29, 0.38, 0.28, 0.40, 0.32, 0.32, 0.47, 0.49, 0.34, 0.50,
        0.56, 0.38, 0.30, 0.38, 0.34, 0.50, 0.55, 0.36, 0.56, 0.67, 0.56, 0.38,
        0.57, 0.50, 0.32, 0.39, 0.27, 0.39, 0.57, 0.51, 0.27, 0.52, 0.53, 0.36,
        0.39, 0.34, 0.30, 0.38, 0.30, 0.30, 0.34, 0.32, 0.32, 0.39, 0.31, 0.38,
        0.58, 0.50, 0.29, 0.50, 0.47, 0.29, 0.32, 0.29, 0.29, 0.51, 0.49, 0.24,
        0.53, 0.55], grad_fn=<SqrtBackward>)
qtrue: tensor([2.55, 2.50, 2.65, 2.62, 2.63, 2.61, 2.66, 2.65, 2.53, 2.54, 2.63, 2.59,
        2.73, 2.63, 2.54, 2.59, 2.52, 1.75, 2.17, 2.12, 2.16, 2.64, 2.40, 2.03,
        2.49, 2.23, 2.14, 2.64, 2.45, 2.64, 3.00, 2.78, 2.46, 2.77, 2.46, 2.10,
        2.44, 2.15, 2.37, 2.77, 2.39, 2.14, 2.45, 2.03, 2.12, 2.63, 2.49, 2.63,
        3.00, 2.77, 2.44, 2.76, 2.48, 2.64, 3.00, 2.79, 3.00, 3.26, 3.00, 2.76,
        3.00, 2.65, 2.44, 2.77, 2.40, 2.77, 3.00, 2.64, 2.50, 2.63, 2.12, 1.96,
        2.55, 2.19, 2.47, 2.76, 2.38, 2.28, 2.47, 1.98, 2.43, 2.77, 2.53, 2.75,
        3.00, 2.64, 2.46, 2.64, 2.17, 2.16, 2.44, 2.04, 2.46, 2.64, 2.18, 2.20,
        2.12, 1.76], grad_fn=<SqrtBackward>)
