tensor([0.03, 0.15, 0.12, 0.16, 0.15, 0.16, 0.10, 0.16, 0.10, 0.12, 0.13, 0.13,
        0.19, 0.11, 0.12, 0.17, 0.13, 0.04, 0.01, 0.04, 0.02, 0.01, 0.01, 0.04,
        0.01, 0.05, 0.02, 0.01, 0.02, 0.01, 0.01, 0.02, 0.01, 0.00, 0.03, 0.02,
        0.02, 0.02, 0.01, 0.01, 0.02, 0.04, 0.01, 0.03, 0.01, 0.01, 0.02, 0.01,
        0.00, 0.01, 0.02, 0.01, 0.02, 0.01, 0.00, 0.01, 0.00, 0.01, 0.01, 0.00,
        0.00, 0.01, 0.01, 0.01, 0.02, 0.01, 0.01, 0.01, 0.01, 0.01, 0.03, 0.04,
        0.01, 0.06, 0.02, 0.01, 0.04, 0.03, 0.02, 0.04, 0.02, 0.00, 0.01, 0.00,
        0.00, 0.01, 0.02, 0.00, 0.02, 0.05, 0.02, 0.03, 0.01, 0.01, 0.02, 0.02,
        0.01, 0.03], grad_fn=<SqrtBackward>)

tensor([1.49, 1.49, 1.27, 1.79, 1.52, 1.24, 1.14, 1.60, 1.37, 1.78, 1.54, 2.03,
        1.77, 1.50, 1.36, 1.76, 1.52, 1.21, 1.73, 1.72, 1.22, 1.73, 1.73, 0.70,
        1.23, 1.20, 1.73, 2.23, 2.24, 1.73, 2.23, 2.23, 1.22, 1.73, 1.73, 1.73,
        2.23, 2.23, 1.73, 2.23, 2.23, 1.22, 1.73, 1.72, 1.22, 1.73, 1.73, 1.22,
        1.73, 1.73, 0.71, 1.23, 1.23, 1.73, 2.23, 2.23, 1.73, 2.23, 2.23, 1.22,
        1.73, 1.73, 1.73, 2.23, 2.23, 1.73, 2.23, 2.23, 1.23, 1.73, 1.72, 0.71,
        1.22, 1.20, 0.71, 1.22, 1.22, 0.03, 0.71, 0.72, 1.23, 1.73, 1.73, 1.23,
        1.73, 1.73, 0.71, 1.23, 1.23, 1.23, 1.73, 1.72, 1.22, 1.73, 1.72, 0.71,
        1.23, 1.21], grad_fn=<SqrtBackward>)