[0.02, 0.03, 0.03, 0.02, 0.02, 0.03, 0.02, 0.02, 0.02, 0.04, 0.03, 0.03,
        0.03, 0.03, 0.03, 0.02, 0.03, 0.02, 0.02, 0.02, 0.01, 0.02, 0.02, 0.02,
        0.02, 0.02, 0.02, 0.02, 0.03, 0.01, 0.02, 0.02, 0.01, 0.02, 0.02, 0.03,
        0.02, 0.05, 0.03, 0.02, 0.05, 0.02, 0.03, 0.04, 0.02, 0.01, 0.02, 0.01,
        0.01, 0.02, 0.01, 0.01, 0.01, 0.01, 0.02, 0.02, 0.00, 0.01, 0.02, 0.01,
        0.01, 0.02, 0.03, 0.02, 0.02, 0.02, 0.02, 0.02, 0.01, 0.02, 0.02, 0.04,
        0.01, 0.03, 0.02, 0.01, 0.01, 0.02, 0.02, 0.04, 0.02, 0.01, 0.02, 0.01,
        0.01, 0.01, 0.01, 0.01, 0.01, 0.02, 0.02, 0.04, 0.01, 0.01, 0.02, 0.03,
        0.01, 0.02], grad_fn=<SqrtBackward>)
qtrue: tensor([3.95, 3.08, 2.66, 3.51, 3.08, 2.65, 2.25, 3.07, 2.65, 3.52, 3.08, 3.96,
        3.52, 3.08, 2.65, 3.52, 3.08, 1.24, 1.75, 1.75, 1.24, 1.76, 1.76, 0.71,
        1.25, 1.24, 1.75, 2.26, 2.26, 1.75, 2.26, 2.26, 1.24, 1.76, 1.76, 1.76,
        2.26, 2.26, 1.75, 2.26, 2.27, 1.23, 1.76, 1.76, 1.24, 1.75, 1.76, 1.24,
        1.75, 1.76, 0.72, 1.24, 1.24, 1.75, 2.25, 2.26, 1.75, 2.26, 2.26, 1.24,
        1.75, 1.75, 1.76, 2.26, 2.26, 1.75, 2.26, 2.25, 1.24, 1.76, 1.75, 0.69,
        1.23, 1.22, 0.71, 1.24, 1.24, 0.03, 0.71, 0.71, 1.23, 1.75, 1.75, 1.24,
        1.75, 1.75, 0.71, 1.24, 1.24, 1.23, 1.75, 1.74, 1.24, 1.75, 1.75, 0.72,
        1.23, 1.23], grad_fn=<SqrtBackward>)
