[0.08, 0.23, 0.13, 0.13, 0.21, 0.25, 0.25, 0.16, 0.30, 0.19, 0.18, 0.20,
        0.17, 0.14, 0.16, 0.10, 0.23, 0.25, 0.19, 0.27, 0.19, 0.19, 0.18, 0.17,
        0.12, 0.24, 0.23, 0.25, 0.22, 0.25, 0.32, 0.25, 0.24, 0.24, 0.21, 0.15,
        0.25, 0.26, 0.25, 0.33, 0.20, 0.34, 0.24, 0.31, 0.29, 0.26, 0.19, 0.24,
        0.30, 0.24, 0.25, 0.25, 0.24, 0.23, 0.23, 0.21, 0.25, 0.35, 0.25, 0.21,
        0.25, 0.23, 0.23, 0.23, 0.19, 0.25, 0.31, 0.24, 0.22, 0.25, 0.27, 0.34,
        0.22, 0.30, 0.26, 0.29, 0.25, 0.27, 0.22, 0.26, 0.40, 0.25, 0.20, 0.26,
        0.31, 0.24, 0.34, 0.21, 0.24, 0.22, 0.13, 0.33, 0.15, 0.18, 0.18, 0.20,
        0.19, 0.43], grad_fn=<SqrtBackward>)
qtrue: tensor([3.95, 3.65, 3.82, 3.82, 3.88, 3.82, 3.90, 3.89, 3.75, 3.83, 3.91, 3.91,
        3.81, 3.89, 3.82, 3.82, 3.66, 1.93, 2.21, 2.16, 2.23, 2.68, 2.54, 2.08,
        2.50, 2.25, 2.26, 2.69, 2.48, 2.69, 3.05, 2.82, 2.53, 2.83, 2.51, 2.11,
        2.49, 2.28, 2.47, 2.82, 2.51, 2.44, 2.48, 2.20, 2.20, 2.69, 2.52, 2.69,
        3.05, 2.82, 2.48, 2.81, 2.52, 2.70, 3.05, 2.82, 3.05, 3.30, 3.05, 2.83,
        3.06, 2.70, 2.54, 2.82, 2.51, 2.82, 3.05, 2.69, 2.52, 2.70, 2.22, 2.09,
        2.49, 2.35, 2.52, 2.83, 2.51, 2.30, 2.50, 2.05, 2.41, 2.82, 2.51, 2.82,
        3.06, 2.71, 2.64, 2.69, 2.21, 2.31, 2.51, 2.01, 2.56, 2.70, 2.22, 2.08,
        2.20, 1.96]
