qerror: tensor([0.03, 0.10, 0.11, 0.12, 0.13, 0.14, 0.16, 0.14, 0.16, 0.14, 0.15, 0.13,
        0.16, 0.21, 0.13, 0.16, 0.13, 0.26, 0.17, 0.20, 0.23, 0.19, 0.24, 0.29,
        0.25, 0.48, 0.27, 0.33, 0.29, 0.29, 0.33, 0.23, 0.22, 0.21, 0.20, 0.28,
        0.32, 0.19, 0.25, 0.31, 0.29, 0.20, 0.22, 0.45, 0.23, 0.25, 0.18, 0.23,
        0.33, 0.27, 0.26, 0.24, 0.22, 0.23, 0.26, 0.19, 0.27, 0.36, 0.26, 0.21,
        0.25, 0.25, 0.15, 0.26, 0.22, 0.25, 0.32, 0.24, 0.20, 0.26, 0.20, 0.34,
        0.24, 0.29, 0.30, 0.31, 0.26, 0.34, 0.24, 0.35, 0.22, 0.26, 0.18, 0.25,
        0.33, 0.25, 0.26, 0.25, 0.27, 0.12, 0.21, 0.43, 0.18, 0.23, 0.25, 0.33,
        0.20, 0.31], grad_fn=<SqrtBackward>)
qtrue: tensor([2.59, 2.54, 2.68, 2.65, 2.76, 2.64, 2.58, 2.64, 2.65, 2.67, 2.60, 2.65,
        2.65, 2.73, 2.64, 2.65, 2.56, 1.84, 2.21, 2.05, 2.16, 2.66, 2.55, 2.15,
        2.45, 2.02, 2.19, 2.67, 2.50, 2.65, 3.03, 2.82, 2.45, 2.81, 2.48, 2.06,
        2.45, 2.23, 2.48, 2.79, 2.49, 2.11, 2.50, 2.46, 2.16, 2.67, 2.48, 2.66,
        3.04, 2.81, 2.51, 2.81, 2.47, 2.67, 3.03, 2.81, 3.03, 3.29, 3.05, 2.79,
        3.04, 2.68, 2.47, 2.82, 2.48, 2.80, 3.04, 2.69, 2.46, 2.67, 2.21, 2.04,
        2.50, 2.32, 2.48, 2.81, 2.49, 2.30, 2.48, 2.20, 2.49, 2.77, 2.49, 2.79,
        3.04, 2.68, 2.50, 2.68, 2.20, 2.28, 2.49, 2.01, 2.47, 2.65, 2.20, 2.07,
        2.20, 1.74], grad_fn=<SqrtBackward>)
