qerror: tensor([0.03, 0.11, 0.07, 0.08, 0.09, 0.10, 0.13, 0.11, 0.11, 0.11, 0.12, 0.15,
        0.10, 0.05, 0.10, 0.11, 0.10, 0.03, 0.02, 0.03, 0.02, 0.01, 0.02, 0.02,
        0.02, 0.05, 0.02, 0.01, 0.02, 0.00, 0.00, 0.01, 0.01, 0.01, 0.01, 0.03,
        0.01, 0.02, 0.02, 0.01, 0.01, 0.06, 0.03, 0.03, 0.01, 0.01, 0.01, 0.00,
        0.00, 0.00, 0.01, 0.00, 0.01, 0.01, 0.00, 0.01, 0.00, 0.00, 0.00, 0.00,
        0.00, 0.00, 0.01, 0.01, 0.02, 0.01, 0.00, 0.01, 0.02, 0.01, 0.01, 0.05,
        0.03, 0.03, 0.01, 0.00, 0.01, 0.03, 0.01, 0.01, 0.02, 0.01, 0.01, 0.00,
        0.00, 0.01, 0.01, 0.00, 0.01, 0.02, 0.02, 0.04, 0.01, 0.01, 0.02, 0.02,
        0.01, 0.02], grad_fn=<SqrtBackward>)
qtrue: tensor([1.49, 1.53, 1.32, 1.73, 1.48, 1.32, 1.21, 1.53, 1.27, 1.80, 1.50, 2.03,
        1.74, 1.50, 1.32, 1.74, 1.54, 1.23, 1.73, 1.73, 1.21, 1.73, 1.73, 0.71,
        1.22, 1.20, 1.73, 2.23, 2.23, 1.73, 2.23, 2.24, 1.22, 1.73, 1.73, 1.73,
        2.23, 2.23, 1.72, 2.23, 2.24, 1.23, 1.72, 1.73, 1.22, 1.73, 1.73, 1.22,
        1.73, 1.73, 0.71, 1.22, 1.22, 1.73, 2.23, 2.24, 1.73, 2.23, 2.24, 1.22,
        1.73, 1.73, 1.73, 2.23, 2.24, 1.73, 2.24, 2.24, 1.22, 1.72, 1.73, 0.71,
        1.21, 1.23, 0.71, 1.22, 1.23, 0.03, 0.71, 0.71, 1.22, 1.73, 1.73, 1.22,
        1.73, 1.73, 0.70, 1.22, 1.23, 1.22, 1.73, 1.72, 1.22, 1.73, 1.73, 0.71,
        1.22, 1.22], grad_fn=<SqrtBackward>)
