qerror: tensor([ 8.05e-03, -1.88e-02, -3.12e-02, -1.66e-02, -2.20e-02, -2.51e-02,
        -3.02e-02, -1.45e-02, -3.17e-02,  8.88e-03, -2.26e-02, -6.41e-03,
        -2.44e-02, -1.84e-02, -2.82e-02, -1.88e-02, -2.18e-02, -9.35e-03,
        -1.10e-02, -3.29e-03,  2.20e-03,  6.59e-03,  5.17e-03,  5.14e-02,
         1.28e-02, -1.73e-03, -1.05e-02, -3.01e-02, -3.12e-02, -2.49e-03,
        -2.35e-02, -2.15e-02,  5.70e-03, -2.82e-03, -7.41e-03, -3.79e-03,
        -3.09e-02, -6.80e-02, -1.05e-02, -2.53e-02,  6.77e-03,  3.97e-03,
         3.24e-04, -6.66e-03, -2.68e-03,  4.00e-03, -2.88e-03,  1.61e-03,
         1.42e-03,  3.71e-03,  9.39e-03,  9.04e-03, -2.99e-04, -5.00e-03,
        -3.19e-02, -1.97e-02, -1.87e-03, -1.99e-02, -2.61e-02,  1.76e-02,
        -3.42e-03,  7.27e-04, -1.08e-02, -3.62e-02, -3.42e-02, -4.22e-04,
        -2.94e-02, -2.49e-02,  6.43e-03, -1.12e-02, -1.73e-02,  1.02e-02,
        -4.25e-04, -1.09e-02,  1.26e-02, -1.15e-04,  5.10e-03,  3.61e-02,
         8.64e-03,  1.75e-02,  2.99e-04, -7.97e-03, -2.28e-03,  6.76e-03,
         2.31e-05,  4.02e-03,  2.02e-02,  5.47e-03,  3.92e-03, -5.16e-03,
        -1.16e-02, -8.68e-03,  4.70e-03, -7.08e-03, -7.16e-03,  1.71e-02,
         2.65e-02,  1.17e-03], grad_fn=<SubBackward0>)
qtrue: tensor([3.96, 3.95, 3.94, 3.96, 3.95, 3.94, 3.94, 3.96, 3.94, 3.98, 3.95, 3.97,
        3.95, 3.95, 3.94, 3.95, 3.95, 2.00, 3.00, 3.01, 2.01, 3.01, 3.01, 1.06,
        2.02, 2.01, 3.00, 3.98, 3.98, 3.00, 3.98, 3.99, 2.01, 3.00, 3.00, 3.01,
        3.99, 3.95, 3.00, 3.99, 4.02, 2.02, 3.01, 3.01, 2.01, 3.01, 3.01, 2.01,
        3.01, 3.01, 1.01, 2.02, 2.01, 3.00, 3.98, 3.99, 3.00, 3.99, 3.98, 2.02,
        3.00, 3.01, 3.00, 3.98, 3.98, 3.01, 3.98, 3.99, 2.02, 3.00, 3.00, 1.02,
        2.01, 2.00, 1.02, 2.01, 2.01, 0.04, 1.01, 1.02, 2.01, 3.00, 3.01, 2.01,
        3.01, 3.01, 1.02, 2.01, 2.01, 2.01, 3.00, 3.01, 2.02, 3.00, 3.01, 1.03,
        2.04, 2.01], grad_fn=<MaxBackward0>)
