qerror: tensor([ 0.64,  0.60,  0.61,  0.61,  0.63,  0.59,  0.60,  0.61,  0.60,  0.61,
         0.62,  0.62,  0.62,  0.60,  0.59,  0.60,  0.61, -1.15, -0.34, -0.18,
        -0.34,  0.58,  0.60, -0.34,  0.58,  0.43, -0.28,  0.63,  0.58,  0.66,
         0.66,  0.65,  0.64,  0.64,  0.65, -0.31,  0.58,  0.50,  0.51,  0.62,
         0.46,  0.28,  0.63, -0.26, -0.32,  0.61,  0.62,  0.63,  0.61,  0.60,
         0.64,  0.60,  0.60,  0.68,  0.65,  0.64,  0.66,  0.64,  0.64,  0.65,
         0.65,  0.64,  0.56,  0.62,  0.62,  0.62,  0.62,  0.60,  0.62,  0.61,
        -0.34, -0.35,  0.63,  0.39,  0.63,  0.60,  0.54,  0.59,  0.61, -0.35,
         0.64,  0.64,  0.65,  0.65,  0.65,  0.62,  0.50,  0.66, -0.32,  0.12,
         0.62, -0.33,  0.58,  0.59, -0.37, -0.34, -0.30, -1.05],
       grad_fn=<SubBackward0>)
qtrue: tensor([4.01, 3.97, 3.97, 3.97, 3.99, 3.97, 3.99, 3.99, 3.98, 3.98, 3.99, 3.99,
        3.98, 3.98, 3.98, 3.98, 4.00, 2.22, 3.04, 3.20, 3.03, 3.97, 3.99, 3.03,
        3.96, 3.81, 3.05, 3.97, 3.92, 4.00, 4.00, 3.99, 3.96, 3.97, 3.98, 3.04,
        3.94, 3.85, 3.86, 3.98, 3.83, 3.62, 3.99, 3.10, 3.05, 4.00, 4.01, 4.01,
        4.01, 3.99, 4.01, 3.99, 3.99, 4.01, 4.00, 3.99, 4.00, 3.99, 3.99, 3.98,
        3.99, 3.98, 3.92, 3.99, 3.99, 3.98, 3.99, 3.97, 3.97, 3.97, 3.02, 3.02,
        4.01, 3.76, 4.00, 3.99, 3.92, 3.95, 3.98, 3.02, 3.96, 3.98, 3.98, 3.98,
        3.99, 3.96, 3.81, 3.99, 3.00, 3.47, 3.98, 3.03, 3.93, 3.95, 2.99, 3.00,
        3.05, 2.30], grad_fn=<MaxBackward0>)
