qerror: tensor([-4.38e-03,  1.33e-02, -6.90e-03, -6.31e-02, -4.61e-02,  2.49e-03,
         1.93e-02,  3.93e-03,  1.64e-02, -1.37e-03, -1.00e-02,  4.80e-02,
         1.13e-02,  5.11e-03, -5.93e-02, -3.34e-02,  2.20e-02,  2.03e-02,
        -1.24e-03,  2.39e-03,  1.19e-02, -6.34e-03,  2.66e-04, -4.05e-06,
         3.72e-03, -1.30e-03, -3.22e-03, -8.69e-03, -9.73e-03, -3.72e-03,
        -8.91e-03, -4.85e-03, -3.22e-03, -5.44e-03, -8.62e-04,  2.46e-02,
        -1.45e-02,  1.54e-02, -2.47e-03, -8.16e-03,  2.13e-03, -1.66e-02,
        -1.22e-02,  1.69e-03,  1.64e-03, -2.49e-03, -3.73e-03,  7.68e-05,
        -4.03e-03,  1.79e-03,  1.48e-02, -2.97e-03,  5.48e-04, -1.50e-03,
        -4.70e-03, -2.04e-04, -2.11e-03, -4.93e-03, -2.57e-04, -2.03e-04,
        -5.55e-03,  1.83e-03, -1.40e-03, -6.03e-03, -2.81e-03, -3.72e-03,
        -7.16e-03, -3.01e-03, -6.39e-03, -6.28e-03,  4.40e-03,  3.24e-02,
        -4.48e-04,  2.13e-02, -2.84e-04, -6.85e-03,  1.34e-03,  4.76e-03,
        -3.14e-04, -4.09e-03,  1.16e-03, -6.88e-03, -8.00e-04, -2.12e-03,
        -6.94e-03, -4.44e-04, -1.54e-03, -4.86e-03, -4.21e-03,  1.28e-02,
        -2.27e-02, -1.95e-02, -9.23e-03, -9.40e-03,  7.34e-05, -1.61e-03,
        -8.34e-03,  4.56e-03], grad_fn=<DivBackward0>)
qtrue: tensor([1.47, 1.50, 1.23, 1.70, 1.46, 1.24, 1.00, 1.51, 1.27, 1.73, 1.46, 2.04,
        1.75, 1.48, 1.16, 1.71, 1.51, 1.02, 1.50, 1.50, 1.01, 1.49, 1.50, 0.50,
        1.00, 1.00, 1.50, 1.99, 1.99, 1.50, 1.99, 1.99, 1.00, 1.49, 1.50, 1.52,
        1.98, 2.01, 1.50, 1.99, 2.00, 0.98, 1.49, 1.50, 1.00, 1.49, 1.49, 1.00,
        1.49, 1.50, 0.51, 0.99, 1.00, 1.50, 1.99, 2.00, 1.49, 1.99, 2.00, 1.00,
        1.49, 1.50, 1.50, 1.99, 1.99, 1.49, 1.99, 1.99, 0.99, 1.49, 1.50, 0.53,
        1.00, 1.02, 0.50, 0.99, 1.00, 0.01, 0.50, 0.50, 1.00, 1.49, 1.50, 1.00,
        1.49, 1.50, 0.50, 1.00, 1.00, 1.01, 1.48, 1.48, 0.99, 1.49, 1.50, 0.50,
        0.99, 1.01], grad_fn=<DivBackward0>)
