qerror: tensor([-0.00, -0.07,  0.01, -0.01,  0.05, -0.00,  0.01,  0.02, -0.01, -0.01,
         0.01,  0.04, -0.02,  0.02,  0.03, -0.01, -0.11, -0.30, -0.24, -0.10,
        -0.20, -0.04,  0.03, -0.01,  0.04,  0.08, -0.22, -0.07,  0.02, -0.04,
         0.00,  0.08,  0.08,  0.09,  0.04, -0.09,  0.02,  0.18,  0.05,  0.10,
         0.06,  0.12,  0.04,  0.01, -0.23, -0.05,  0.05, -0.04,  0.00,  0.06,
         0.03,  0.08,  0.08, -0.06, -0.02,  0.08, -0.01, -0.08,  0.00,  0.08,
         0.00, -0.04,  0.02,  0.08,  0.04,  0.09,  0.01, -0.02,  0.03, -0.02,
        -0.18, -0.04,  0.04,  0.04,  0.06,  0.10,  0.09,  0.07,  0.07, -0.08,
         0.02,  0.09,  0.07,  0.09,  0.01, -0.02,  0.04, -0.02, -0.16, -0.07,
         0.07, -0.09,  0.06, -0.01, -0.16, -0.08, -0.16, -0.20],
       grad_fn=<DivBackward0>)
qtrue: tensor([2.62, 2.58, 2.66, 2.64, 2.70, 2.65, 2.66, 2.67, 2.63, 2.63, 2.65, 2.68,
        2.62, 2.67, 2.68, 2.63, 2.54, 1.72, 2.11, 1.92, 2.14, 2.63, 2.36, 2.00,
        2.37, 2.08, 2.14, 2.62, 2.38, 2.64, 3.01, 2.75, 2.43, 2.76, 2.37, 1.93,
        2.36, 2.19, 2.38, 2.76, 2.39, 2.12, 2.37, 2.00, 2.13, 2.63, 2.40, 2.63,
        3.01, 2.73, 2.38, 2.75, 2.41, 2.64, 3.01, 2.77, 3.01, 3.26, 3.01, 2.76,
        3.01, 2.63, 2.38, 2.76, 2.38, 2.76, 3.01, 2.64, 2.37, 2.64, 2.14, 1.98,
        2.38, 2.05, 2.39, 2.76, 2.40, 2.06, 2.39, 1.91, 2.37, 2.76, 2.41, 2.76,
        3.00, 2.64, 2.37, 2.63, 2.16, 1.94, 2.40, 1.90, 2.38, 2.63, 2.15, 1.91,
        2.15, 1.78], grad_fn=<DivBackward0>)
